cam_model: Pinhole
cam_width: 2448
cam_height: 2048
scale: 0.5
cam_fx: 2364.049767406230
cam_fy: 2368.875165893467
cam_cx: 1211.209298385360
cam_cy: 1040.561211270159
cam_d0: -0.051619025360610
cam_d1: 0.125944589327291
cam_d2: -0.0002140931408129925
cam_d3: 0.0006409200928440982